zetas = [0, 0.5, 1.0, 3.0];
wn = 8.0f;

